TABLE OF REFERENCES

το Β1111111ιττέ 141111 6141111411001111114101401110 To 111051,
01111111 111 11111 Nous 01111112 4101111111 το 44111111
11111) 0122110110ηέ 1441111 6114141441.

Amr« 4110 Bmm 14111111 Am>

Gmuouun Gnmouou Bmffl

521 a 472 7 377 188, 1, note
²7, 3 381 ’ 188, 2, d ·
471 1 38² 191, 1
252, ² 382, 1, note 1 191, 2, 2

133, 1 385, c, 2 204, 3

¹⁵9‘4 39οὈ Ῑ761 2,b
241, 1 396, b, note 178, 2
246, 4 403, a, note 2 215
248, 1 403, c 218, 6
253,6 411 218, 2
252,6 415 224
198, 3 415, note 224, 1
203›5 417 203‚3‚a
204, 1 418‚b 226, 2
206, 2 428, j 182, 2, b
. 208,1 429, 2 228,b
208, 2‚a 431, a 219,1
212,1,2 431, a 218, 3
212, 2 432, a 141, 3
187, 111 441 279, 1
175, 2, 2 442 279, 2
187, 11›b 444 277
188‚1 469 ²5913
1 1

 

